1111	14	1100105	1100405	1100305	1100805	1300105	1300505	1300905	1500101	1502215	1502315	1502410	1502510	1502615	1502715																															
1121	9	1100310	1100410	1100505	1100705	1101305	1300110	1300305	1500302	1300510																																				
1122	8	1100110	1100810	1101005	1101405	1300910	1301502	1500102	1500402																																					
1131	12	1100315	1100415	1100510	1100605	1100710	1101310	1500304	1300115	1300310	1300515	1101505	1500501																																	
1132	11	1100115	1101410	1101605	1101805	1101905	1300115	1300915	1301005	1301405	1500103	1500404																																		
1133	10	1100115	1100815	1101010	1101410	1300915	1301005	1301105	1301205	1301504	1500104																																			
1141	13	1100530	1100610	1100715	1101530	1102303	1102815	1102915	1300315	1300520	1301901	1500502	1500701	1500306																																
1142	16	1100330	1100430	1100510	1101330	1101505	1102305	1300120	1300310	1301020	1301120	1301220	1500501	1500902	1301720	1301820	1301620																													
1143	16	1100120	1100840	1101415	1102405	1102505	1300920	1301020	1301120	1301220	1301506	1500106	1501102	1301720	1301820	1301620	1101020																													
1144	17	1100120	1100840	1101610	1101830	1101910	1102505	1300920	1500105	1500406	1500605	1501402	1100230	1101030	1101730	1300310	1301020	1301620																														
1151	16	1100630	1100730	1102230	1104330	1103230	1300320	1500504	1500702	1300420	1301305	1500308	1500803	1501510	1502220	1502320	1300430																												
1152	16	1104430	1104530	1104630	1104730	1104830	1300315	1302410	1302530	1500905	1100930	1102030	1102115	1302003	1302103	1501003	1502005																												
1153	17	1102830	1102930	1103030	1103130	1103330	1103430	1103530	1500610	1501610	3502705	3300630	1102307	3203005	3502304	1302003	3204910	1300315
1154	18	1101430	1102430	1102530	1103730	1300925	1300810	1301125	1300710	1301510	1301725	1301825	1500108	1501103	1103630	25017210	1501710	1100130	1300315
1155	17	1101630	1101930	1104030	1104130	1104230	1301025	1301410	1302220	1302610	1500107	1500408	1103830	1301630	1302310	1103930	21103810	1300315																								
1156	17	1101630	1101930	1104030	1104230	1302220	1302610	1500607	1501405	1501807	1501903	1102730	1302310	1301225	1301825	1300710	1300315 1100130																													
1161	26	1502906	1503306	1503406	1503506	1300130	1301230	1301830	1301030	1301630	1500310	1500510	1500705	1300430	1300330	1300530	1300710	1300930	1302009	1302109	1502620	1502720	1302530	1302410	1503706	1400310	1400410																			
1162	18	1503006	1300930	1301130	1300230	1301730	1300330	1301030	1301630	1301510	1500110	1302230	1302310	1302410	1302530	1302621	1400110	1502620	1502720																											
1163	17	1503606	1302230	1302620	1301130	1301230	1301730	1301830	1300325	1300230	1502620	1502720	1300130	1300430	1400210	1500410	1301030	1301630																												
1211	14	1100105	1100405	1100305	1100805	1300105	1300505	1300905	1500101	1502215	1502315	1502410	1502510	1502615	1502715																															
1221	9	1100310	1100410	1100505	1100705	1101305	1300110	1300305	1500302	1300510																																				
1222	8	1100110	1100810	1101005	1101405	1300910	1301502	1500102	1500402																																					
1231	12	1100315	1100415	1100510	1100605	1100710	1101310	1500304	1300115	1300310	1300515	1101505	1500501																																	
1232	11	1100115	1101410	1101605	1101805	1101905	1300115	1300915	1301005	1301405	1500103	1500404																																		
1233	10	1100115	1100815	1101010	1101410	1300915	1301005	1301105	1301205	1301504	1500104																																			
1241	13	1100530	1100610	1100715	1101530	1102303	1102815	1102915	1300315	1300520	1301901	1500502	1500701	1500306																																
1242	16	1100330	1100430	1100510	1101330	1101505	1102305	1300120	1300310	1301020	1301120	1301220	1500501	1500902	1301720	1301820	1301620																													
1243	16	1100120	1100840	1101415	1102405	1102505	1300920	1301020	1301120	1301220	1301506	1500106	1501102	1301720	1301820	1301620	1101020																												
1244	17	1100120	1100840	1101610	1101830	1101910	1102505	1300920	1500105	1500406	1500605	1501402	1100230	1101030	1101730	1300310	1301020	1301620																													
1251	16	1100630	1100730	1102230	1104330	1103230	1300320	1500504	1500702	1300420	1301305	1500308	1500803	1501510	1502220	1502320	1300430																												
1252	16	1104430	1104530	1104630	1104730	1104830	1300315	1302410	1302530	1500905	1100930	1102030	1102115	1302003	1302103	1501003	1502005																												
1253	17	1102830	1102930	1103030	1103130	1103330	1103430	1103530	1500610	1501610	3502705	3300630	1102307	3203005	3502304	1302003	3204910	1300315
1254	16	1101430	1102430	1102530	1103730	1300925	1300810	1301125	1300710	1301510	1301725	1500108	1501103	1103630	25017210	1501710	1300315																										
1255	17	1101630	1101930	1104030	1104130	1104230	1301025	1301410	1302220	1302610	1500107	1500408	1103830	1301630	1302310	1103930	21103810	1300315																											
1256	17	1101630	1101930	1104030	1104230	1302220	1302610	1500607	1501405	1501807	1501903	1102730	1302310	1100130	1301225	1301825	1300710	1300315
1261	26	1502906	1503306	1503406	1503506	1300130	1301230	1301830	1301030	1301630	1500310	1500510	1500705	1300430	1300330	1300530	1300710	1300930	1302009	1302109	1502620	1502720	1302530	1302410	1503706	1400310	1400410																			
1262	18	1503006	1300930	1301130	1300230	1301730	1300330	1301030	1301630	1301510	1500110	1302230	1302310	1302410	1302530	1302621	1400110	1502620	1502720																											
1263	17	1503606	1302230	1302620	1301130	1301230	1301730	1301830	1300325	1300230	1502620	1502720	1300130	1300430	1400210	1500410	1301030	1301630																												
2111	14	2100105	2100205	2100305	2100405	2500101	2501715	2501815	2501910	2502010	2502115	2502215	2300105	2300205	1300205																															
2121	10	2100310	2100410	2100705	2101105	2300502	2500102	2500401	2500301	2300702	2300110																																			
2122	11	2100110	2100210	2100905	2101205	2300302	2500201	2500102	2500402	2300402	2300210	1300210																																		
2131	10	2100315	2100415	2100710	2101110	2101405	2300115	2300504	2500104	2500303	2300704																																			
2132	10	2100115	2100215	2100910	2101210	2500203	2500104	2300404	2500702	2300215	1300215																																			
2133	14	2100115	2100215	2100315	2100415	2101110	2101210	2101605	2101701	2500103	2500403	2500503	2501201	2300115	2300215																															
2141	13	2100320	2100420	2100730	2101115	2101410	2102005	2300120	2300506	2300603	2500106	2500305	2300706	2101905																																
2142	13	1300220	2100120	2100220	2101215	2102210	2102305	2102405	2300225	2500106	2500505	2501002	2300306	2102110																																
2143	13	2100130	2100230	2100930	2101215	2101510	2102530	2102730	2300220	2300406	2500108	2100830	2500704	2500206																															
2144	11	2501203	2100320	2100420	2101115	2103030	2101610	2101702	2102802	2500106	2500406	2500506																																		
2151	13	1302525	2103330	2103430	2103530	2103630	2103730	2501405	2500108	2500308	2500408	21400110	2501820	1300215																														
2152	13	1300215	2102130	2102230	2102310	2102430	25143310	14906310	2500108	2104130	2300225	2300308	2300808	2500508																														
2153	16	1302225	1302621	2101230	2101530	2102630	2104230	2300225	2301005	2301105	2500108	2102905	2500706	2501104	2300908	2104010	1300215																												
2154	15	2101130	2501210	2101630	2101703	2102805	2100330	2104710	2500108	2500408	2100430	2300120	9010601	2100630	2501820	1300215																													
2155	15	2101330	2103930	2101430	2101930	2102030	2103830	2300125	2300708	2300606	2500108	2500307	2500903	2501820	2300508	1300215																													
2161	13	9010806	25146106	2300130	1302530	2300410	2300710	2500310	1300230	1302410	2300610	2502120	2502220	2802906																																
2162	19	1400110	2500710	1302230	1302630	2300230	2500210	2300510	2300910	1300230	2502120	2502220	1302530	1302410	1302621	1302230	1302310	9010406	2803006	2803106																										
2163	13	9010606	2500510	2500410	2501505	2502120	2502220	1302621	1302230	1302310	2300130	2300230	2300610	2104230																																
2211	14	2100105	2100205	2100305	2100405	2500101	2501715	2501815	2501910	2502010	2502115	2502215	2300105	2300205	1300205																															
2221	10	2100310	2100410	2100705	2101105	2300502	2500102	2500401	2500301	2300702	2300110																																			
2222	11	2100110	2100210	2100905	2101205	2300302	2500201	2500102	2500402	2300402	2300210	1300210																																		
2231	10	2100315	2100415	2100710	2101110	2101405	2300115	2300504	2500104	2500303	2300704																																			
2232	10	2100115	2100215	2100910	2101210	2500203	2500104	2300404	2500702	2300215	1300215																																			
2233	14	2100115	2100215	2100315	2100415	2101110	2101210	2101605	2101701	2500103	2500403	2500503	2501201	2300115	2300215																															
2241	13	2100320	2100420	2100730	2101115	2101410	2102005	2300120	2300506	2300603	2500106	2500305	2300706	2101905																																
2242	13	1300220	2100120	2100220	2101215	2102210	2102305	2102405	2300225	2500106	2500505	2501002	2300306	2102110																																
2243	13	2100130	2100230	2100930	2101215	2101510	2102530	2102730	2300220	2300406	2500108	2100830	2500704	2500206																															
2244	11	2501203	2100320	2100420	2101115	2103030	2101610	2101702	2102802	2500106	2500406	2500506																																		
2251	13	1302525	2103330	2103430	2103530	2103630	2103730	2501405	2500108	2500308	2500408	21400110	2501820	1300215																														
2252	13	1300215	2102130	2102230	2102310	2102430	25143310	14906310	2500108	2104130	2300225	2300308	2300808	2500508																														
2253	16	1302225	1302621	2101230	2101530	2102630	2104230	2300225	2301005	2301105	2500108	2102905	2500706	2501104	2300908	2104010	1300215																												
2254	15	2101130	2501210	2101630	2101703	2102805	2100330	2104710	2500108	2500408	2100430	2300120	9010601	2100630	2501820	1300215																													
2255	15	2101330	2103930	2101430	2101930	2102030	2103830	2300125	2300708	2300606	2500108	2500307	2500903	2501820	2300508	1300215																													
2261	13	9010806	25146106	2300130	1302530	2300410	2300710	2500310	1300230	1302410	2300610	2502120	2502220	2802906																																
2262	19	1400110	2500710	1302230	1302630	2300230	2500210	2300510	2300910	1300230	2502120	2502220	1302530	1302410	1302621	1302230	1302310	9010406	2803006	2803106																										
2263	13	9010606	2500510	2500410	2501505	2502120	2502220	1302621	1302230	1302310	2300130	2300230	2300610	2104230																																
3111	16	3200105	3200305	3201305	3200405	3500101	3502910	3503015	3503110	3503210	3503315	3503415	3300605	3300105	3201601	3300205	3502701																													
3121	15	3200705	3200805	3200905	3200410	3502703	3500202	3500302	3200501	3200601	3300710	3300210	3300410	3501001	3501101	3500601																														
3122	12	3200110	3200310	3201105	3201205	3201305	3201505	3500702	3201805	3500103	3300110	3300610	3300510																																	
3131	19	3200710	3200810	3200910	3202005	3200415	3300215	3500204	3500304	3500602	3500901	3501003	3501103	3501302	3501401	3502705	3200603	3200503	3300415	3300715																										
3132	15	3200130	3200330	3201110	3201210	3201330	3201510	3201605	3201810	3202205	3202305	3202405	3500105	3500704	3300515	3300615																														
3133	13	3202705	3202805	3202905	3204002	3200601	3500102	3500202	3500804	3502302	1300205	3203901	3300815	3500402																																
3141	17	3200715	3200815	3200930	3201730	3202015	3200420	3203230	3203301	3204405	3500206	3500306	3500603	3501304	3501403	3502707	3200610	3300720																												
3142	17	3201130	3201230	3201520	3200230	3201615	3201830	3202220	3202320	3202410	3203410	3203510	3203610	3203710	3300620	3500107	3300520	3500706																												
3143	13	3202720	3202820	3202920	3203810	3203903	3204003	3500106	3500804	3501602	3502304	3300820	1300210	3300120																																
3144	19	3200715	3200915	3201901	3202010	3203106	3500205	3500305	3501005	3501105	3505302	3502706	3500903	3202530	3202630	3200510	3500505	3300407	3300220	3500405																										
3151	18	3200830	3202030	3200430	3203306	3204410	3501505	3204710	3200730	3500210	3500610	3501306	3501405	3502210	3502606	3502709	3300730	3204630	3300215																										
3152	17	3202730	3202830	3202930	3203830	3203910	3204010	3204930	3205030	3300125	3500108	3501705	3500810	3501605	3502310	1300215	3205130	3501210																											
3153	17	3201625	3202330	3202430	3203005	3203430	3203530	3203630	3205230	3205430	3205530	3300625	3500109	3500708	3300525	3300906	25138703	3300215																											
3154	15	3201030	3201430	3204630	3201615	3202230	3205930	3203730	3206030	3205830	3500108	3502410	3500410	3300215	3203530	3502306																												
3155	15	3201910	3500910	3206110	3500210	3501010	3501110	3505310	3502708	3206210	3204106	3204206	3300225	3300425	3202130	3500410																												
3161	14	3505006	3504106	3300530	1301230	1301830	3300330	3300630	3300730	3501310	3502920	3503020	3503320	3503420	3300130																															
3162	10	3504206	3504306	3504401	3504506	3300530	3300130	3300630	3503020	3503320	3503420																																			
3163	16	3504206	3504706	3504906	3504801	3300530	2300810	3300130	3300330	3300730	3502920	3503020	3503320	3503420	3300630	3505101	3505206																													
3211	16	3200105	3200305	3201305	3200405	3500101	3502910	3503015	3503110	3503210	3503315	3503415	3300605	3300105	3201601	3300205	3502701																													
3221	15	3200705	3200805	3200905	3200410	3502703	3500202	3500302	3200501	3200601	3300710	3300210	3300410	3501001	3501101	3500601																														
3222	12	3200110	3200310	3201105	3201205	3201305	3201505	3500702	3201805	3500103	3300110	3300610	3300510																																	
3231	19	3200710	3200810	3200910	3202005	3200415	3300215	3500204	3500304	3500602	3500901	3501003	3501103	3501302	3501401	3502705	3200603	3200503	3300415	3300715																										
3232	15	3200130	3200330	3201110	3201210	3201330	3201510	3201605	3201810	3202205	3202305	3202405	3500105	3500704	3300515	3300615																														
3233	13	3202705	3202805	3202905	3204002	3200601	3500102	3500202	3500804	3502302	1300205	3203901	3300815	3500402																																
3241	17	3200715	3200815	3200930	3201730	3202015	3200420	3203230	3203301	3204405	3500206	3500306	3500603	3501304	3501403	3502707	3200610	3300720																												
3242	17	3201130	3201230	3201520	3200230	3201615	3201830	3202220	3202320	3202410	3203410	3203510	3203610	3203710	3300620	3500107	3300520	3500706																												
3243	13	3202720	3202820	3202920	3203810	3203903	3204003	3500106	3500804	3501602	3502304	3300820	1300210	3300120																																
3244	19	3200715	3200915	3201901	3202010	3203106	3500205	3500305	3501005	3501105	3505302	3502706	3500903	3202530	3202630	3200510	3500505	3300407	3300220	3500405																										
3251	18	3200830	3202030	3200430	3203306	3204410	3501505	3204710	3200730	3500210	3500610	3501306	3501405	3502210	3502606	3502709	3300730	3204630	3300215																										
3252	17	3202730	3202830	3202930	3203830	3203910	3204010	3204930	3205030	3300125	3500108	3501705	3500810	3501605	3502310	1300215	3205130	3501210																											
3253	17	3201625	3202330	3202430	3203005	3203430	3203530	3203630	3205230	3205430	3205530	3300625	3500109	3500708	3300525	3300906	25138703	3300215																											
3254	15	3201030	3201430	3204630	3201615	3202230	3205930	3203730	3206030	3205830	3500108	3502410	3500410	3300215	3203530	3502306																													
3255	15	3201910	3500910	3206110	3500210	3501010	3501110	3505310	3502708	3206210	3204106	3204206	3300225	3300425	3202130	3500410																												
3261	14	3505006	3504106	3300530	1301230	1301830	3300330	3300630	3300730	3501310	3502920	3503020	3503320	3503420	3300130																															
3262	10	3504206	3504306	3504401	3504506	3300530	3300130	3300630	3503020	3503320	3503420																																			
3263	16	3504206	3504706	3504906	3504801	3300530	2300810	3300130	3300330	3300730	3502920	3503020	3503320	3503420	3300630	3505101	3505206																													
4311	16	6100105	6100205	6100305	6101205	6102205	6102305	6102405	6102505	6102905	6000105	6000305	6000405	6000505	6103201	6103301	6103401																													
4321	29	6100110	6100210	6100310	6101210	6102210	6102310	6102410	6102510	6102910	6000110	6000310	6000410	6000510	6103203	6103303	6103403	6100405	6100505	6100605	6101305	6101405	6101505	6101705	6103105	6103005	6102805	6102705	6102605	6000602																
4331	36	6100115	6100215	6100315	6101215	6102215	6102315	6102415	6102515	6102915	6000115	6000315	6000415	6000515	6103205	6103305	6103405	6100410	6100510	6100610	6101310	6101410	6101510	6101710	6103110	6103010	6102810	6102710	6102610	6000604	6101805	6101605	6100905	6100805	6100705	6102005	6102105									
4341	39	6100120	6100220	6100320	6101220	6102220	6102320	6102420	6102520	6102920	6000120	6000320	6000420	6000520	6103207	6103307	6103407	6100415	6100515	6100615	6101315	6101415	6101515	6101715	6103115	6103015	6102815	6102715	6102615	6000606	6101810	6101610	6100910	6100810	6100710	6102010	6102110	6101110	6101010	6101910						
4351	40	6100125	6100225	6100325	6101225	6102225	6102325	6102425	6102525	6102925	6000125	6000325	6000425	6000525	6103209	6103309	6103409	6100420	6100520	6100620	6101320	6101420	6101520	6101720	6103120	6103020	6102820	6102720	6102620	6000608	6101820	6101620	6100920	6100820	6100720	6102020	6102120	6101120	6101020	6101920	6300710				
4361	45	6301006	6300806	6300906	6301106	6301206	6100130	6100230	6100330	6101230	6102230	6102330	6102430	6102530	6102930	6000130	6000330	6000430	6000530	6103210	6103310	6103410	6100430	6100530	6100630	6101330	6101430	6101530	6101730	6103130	6103030	6102830	6102730	6102630	6000610	6100830	6101630	6100930	6101830	6100730	6102030	6102130	6101130	6101030	6101930	25151606